k_values=1,2,4,8,12,16
r_values=0.01,0.05,0.1
l_values=0.00001,0.00002,0.00005,0.0001
data_sets=flickr